Docetaxel	10	65	0.1	0.0001	0.0005	0.0001	3	0.001	0.05	0.001	0.1	0.9
Docetaxel	10	65	0.1	0.0001	0.0005	0.0005	2	0.005	0.0005	0.001	0.5	0.5
Docetaxel	10	65	0.1	0.0001	0.0005	0.001	3	0.005	0.005	0.001	0.3	0.7
Docetaxel	10	65	0.1	0.0001	0.05	0.0001	3	0.001	0.0005	0.001	0.05	0.95
Docetaxel	10	65	0.1	0.0001	0.05	0.0005	3	0.001	0.005	0.0005	0.01	0.99
Docetaxel	10	65	0.1	0.0001	0.05	0.05	2	0.005	0.005	0.0001	0.005	0.99
Docetaxel	10	65	0.1	0.0005	0.0005	0.0001	3	0.005	0.0005	0.001	0.5	0.5
Docetaxel	10	65	0.1	0.0005	0.0005	0.001	2	0.0005	0.05	0.0005	0.0001	1.0
Docetaxel	10	65	0.1	0.0005	0.0005	0.005	2	0.0005	0.0001	0.0005	0.01	0.99
Docetaxel	10	65	0.1	0.0005	0.0005	0.005	3	0.005	0.0005	0.001	0.3	0.7
Docetaxel	10	65	0.1	0.0005	0.005	0.001	3	0.0005	0.0001	0.001	0.001	1.0
Docetaxel	10	65	0.1	0.0005	0.005	0.005	2	0.005	0.005	0.0005	0.001	1.0
Docetaxel	10	65	0.1	0.0005	0.005	0.005	3	0.005	0.05	0.0005	1	0
Docetaxel	10	65	0.1	0.0005	0.005	0.05	2	0.001	0.0005	0.0001	0.3	0.7
Docetaxel	10	65	0.1	0.0005	0.005	0.05	3	0.001	0.0001	0.0005	0.1	0.9
Docetaxel	10	65	0.1	0.0005	0.05	0.0001	3	0.001	0.0001	0.0001	0.3	0.7
Docetaxel	10	65	0.1	0.0005	0.05	0.005	3	0.005	0.05	0.0005	0.2	0.8
Docetaxel	10	65	0.1	0.001	0.0005	0.0005	2	0.005	0.005	0.001	1	0
Docetaxel	10	65	0.1	0.001	0.0005	0.001	3	0.001	0.05	0.0001	0.005	0.99
Docetaxel	10	65	0.1	0.001	0.0005	0.05	2	0.005	0.0005	0.0001	0.005	0.99
Docetaxel	10	65	0.1	0.001	0.005	0.0005	2	0.001	0.05	0.001	0.001	1.0
Docetaxel	10	65	0.1	0.001	0.05	0.05	3	0.0005	0.0001	0.0001	0.5	0.5
Docetaxel	10	65	0.1	0.005	0.0005	0.0005	2	0.0005	0.005	0.0001	0.001	1.0
Docetaxel	10	65	0.1	0.005	0.0005	0.0005	3	0.005	0.0005	0.0005	0.05	0.95
Docetaxel	10	65	0.1	0.005	0.0005	0.05	3	0.0005	0.05	0.001	0.0001	1.0
Docetaxel	10	65	0.1	0.005	0.0005	0.05	3	0.005	0.05	0.0001	0.005	0.99
Docetaxel	10	65	0.1	0.005	0.005	0.0005	3	0.005	0.005	0.0001	0.005	0.99
Docetaxel	10	65	0.1	0.005	0.005	0.05	3	0.001	0.005	0.0001	0.2	0.8
Docetaxel	10	65	0.1	0.005	0.05	0.0001	3	0.001	0.0001	0.0005	0.0005	1.0
Docetaxel	10	65	0.1	0.005	0.05	0.005	2	0.0005	0.0001	0.0005	0.0005	1.0
Docetaxel	10	65	0.1	0.05	0.0005	0.0001	2	0.005	0.0001	0.0001	0.5	0.5
Docetaxel	10	65	0.1	0.05	0.0005	0.0001	3	0.001	0.005	0.0005	0.2	0.8
Docetaxel	10	65	0.1	0.05	0.0005	0.001	3	0.005	0.05	0.0001	0.5	0.5
Docetaxel	10	65	0.1	0.05	0.005	0.05	2	0.001	0.05	0.001	0.5	0.5
Docetaxel	10	65	0.1	0.05	0.005	0.05	3	0.0005	0.05	0.0005	0.01	0.99
Docetaxel	10	65	0.1	0.05	0.05	0.0005	2	0.005	0.0001	0.0001	0.5	0.5
Docetaxel	10	65	0.1	0.05	0.05	0.005	3	0.001	0.05	0.0001	0.1	0.9
Docetaxel	10	65	0.3	0.0001	0.0005	0.0005	3	0.001	0.0001	0.0005	0.5	0.5
Docetaxel	10	65	0.3	0.0001	0.0005	0.001	3	0.0005	0.0005	0.0005	0.0001	1.0
Docetaxel	10	65	0.3	0.0001	0.0005	0.005	3	0.0005	0.005	0.001	0.0005	1.0
Docetaxel	10	65	0.3	0.0001	0.0005	0.05	2	0.001	0.005	0.001	0.001	1.0
Docetaxel	10	65	0.3	0.0001	0.005	0.0001	2	0.005	0.0005	0.001	0.0005	1.0
Docetaxel	10	65	0.3	0.0001	0.005	0.0005	3	0.001	0.0005	0.0005	0.0005	1.0
Docetaxel	10	65	0.3	0.0001	0.005	0.005	2	0.0005	0.0001	0.0005	0.2	0.8
Docetaxel	10	65	0.3	0.0001	0.005	0.005	2	0.005	0.0001	0.001	0.0001	1.0
Docetaxel	10	65	0.3	0.0001	0.05	0.0001	3	0.0005	0.005	0.0005	0.001	1.0
Docetaxel	10	65	0.3	0.0001	0.05	0.0001	3	0.001	0.005	0.0005	0.01	0.99
Docetaxel	10	65	0.3	0.0005	0.0005	0.0005	2	0.005	0.005	0.0005	0.005	0.99
Docetaxel	10	65	0.3	0.0005	0.0005	0.001	2	0.001	0.0001	0.001	0.01	0.99
Docetaxel	10	65	0.3	0.0005	0.0005	0.001	2	0.001	0.0005	0.0005	0.3	0.7
Docetaxel	10	65	0.3	0.0005	0.0005	0.05	2	0.0005	0.005	0.0001	1	0
Docetaxel	10	65	0.3	0.0005	0.005	0.0001	2	0.0005	0.0005	0.0001	0.001	1.0
Docetaxel	10	65	0.3	0.0005	0.005	0.0005	2	0.005	0.0001	0.0001	0.1	0.9
Docetaxel	10	65	0.3	0.0005	0.005	0.0005	3	0.0005	0.005	0.001	0.0001	1.0
Docetaxel	10	65	0.3	0.0005	0.005	0.005	3	0.005	0.0001	0.0005	1	0
Docetaxel	10	65	0.3	0.0005	0.005	0.05	2	0.0005	0.0005	0.0001	1	0
Docetaxel	10	65	0.3	0.0005	0.05	0.0005	2	0.005	0.005	0.001	0.4	0.6
Docetaxel	10	65	0.3	0.0005	0.05	0.001	3	0.005	0.0001	0.0001	0.1	0.9
Docetaxel	10	65	0.3	0.001	0.0005	0.0001	3	0.0005	0.05	0.0001	0.005	0.99
Docetaxel	10	65	0.3	0.001	0.005	0.0001	2	0.001	0.005	0.0001	0.05	0.95
Docetaxel	10	65	0.3	0.001	0.005	0.001	2	0.0005	0.005	0.0001	0.0005	1.0
Docetaxel	10	65	0.3	0.001	0.005	0.05	3	0.005	0.0005	0.0001	0.2	0.8
Docetaxel	10	65	0.3	0.001	0.05	0.0001	2	0.0005	0.0005	0.0001	0.0001	1.0
Docetaxel	10	65	0.3	0.001	0.05	0.0001	2	0.0005	0.0005	0.0001	0.5	0.5
Docetaxel	10	65	0.3	0.005	0.0005	0.0001	2	0.005	0.05	0.0001	0.0001	1.0
Docetaxel	10	65	0.3	0.005	0.0005	0.0005	2	0.005	0.05	0.001	0.1	0.9
Docetaxel	10	65	0.3	0.005	0.0005	0.001	2	0.005	0.0005	0.001	0.005	0.99
Docetaxel	10	65	0.3	0.005	0.0005	0.001	3	0.0005	0.05	0.001	0.0001	1.0
Docetaxel	10	65	0.3	0.005	0.005	0.0001	3	0.0005	0.0005	0.001	1	0
Docetaxel	10	65	0.3	0.005	0.005	0.001	2	0.005	0.005	0.001	0.0001	1.0
Docetaxel	10	65	0.3	0.005	0.005	0.005	2	0.001	0.005	0.0005	0.2	0.8
Docetaxel	10	65	0.3	0.005	0.005	0.005	3	0.001	0.05	0.0005	0.005	0.99
Docetaxel	10	65	0.3	0.05	0.0005	0.0001	3	0.001	0.0001	0.001	0.0001	1.0
Docetaxel	10	65	0.3	0.05	0.0005	0.005	2	0.005	0.005	0.0001	0.1	0.9
Docetaxel	10	65	0.3	0.05	0.005	0.005	2	0.0005	0.0001	0.0001	0.2	0.8
Docetaxel	10	65	0.3	0.05	0.05	0.001	3	0.005	0.0005	0.001	0.2	0.8
Docetaxel	10	65	0.3	0.05	0.05	0.05	2	0.0005	0.05	0.0005	0.005	0.99
Docetaxel	10	65	0.3	0.05	0.05	0.05	3	0.0005	0.005	0.0001	0.01	0.99
Docetaxel	50	65	0.1	0.0001	0.0005	0.0001	2	0.001	0.0001	0.001	0.001	1.0
Docetaxel	50	65	0.1	0.0001	0.0005	0.0001	2	0.001	0.005	0.001	0.5	0.5
Docetaxel	50	65	0.1	0.0001	0.005	0.0001	2	0.005	0.0005	0.0001	0.2	0.8
Docetaxel	50	65	0.1	0.0001	0.005	0.0001	3	0.001	0.0005	0.0001	0.4	0.6
Docetaxel	50	65	0.1	0.0001	0.005	0.0001	3	0.005	0.0001	0.0005	0.5	0.5
Docetaxel	50	65	0.1	0.0001	0.005	0.0001	3	0.005	0.0005	0.0001	0.4	0.6
Docetaxel	50	65	0.1	0.0001	0.005	0.0005	2	0.0005	0.0001	0.0005	0.0005	1.0
Docetaxel	50	65	0.1	0.0001	0.005	0.05	3	0.005	0.005	0.001	0.005	0.99
Docetaxel	50	65	0.1	0.0001	0.05	0.0001	2	0.005	0.0005	0.0005	0.4	0.6
Docetaxel	50	65	0.1	0.0001	0.05	0.0005	3	0.0005	0.05	0.001	0.4	0.6
Docetaxel	50	65	0.1	0.0001	0.05	0.001	2	0.005	0.005	0.001	0.0005	1.0
Docetaxel	50	65	0.1	0.0005	0.0005	0.0005	2	0.0005	0.0005	0.0001	0.0005	1.0
Docetaxel	50	65	0.1	0.0005	0.0005	0.05	3	0.005	0.05	0.0001	0.01	0.99
Docetaxel	50	65	0.1	0.0005	0.05	0.0001	3	0.0005	0.05	0.001	0.05	0.95
Docetaxel	50	65	0.1	0.0005	0.05	0.001	3	0.005	0.005	0.0005	1	0
Docetaxel	50	65	0.1	0.0005	0.05	0.005	2	0.001	0.0001	0.001	0.5	0.5
Docetaxel	50	65	0.1	0.001	0.0005	0.0001	3	0.0005	0.0005	0.0001	0.0005	1.0
Docetaxel	50	65	0.1	0.001	0.0005	0.005	3	0.0005	0.0001	0.001	0.01	0.99
Docetaxel	50	65	0.1	0.001	0.005	0.001	3	0.005	0.05	0.001	0.3	0.7
Docetaxel	50	65	0.1	0.001	0.005	0.005	2	0.005	0.05	0.0001	0.001	1.0
Docetaxel	50	65	0.1	0.001	0.005	0.05	3	0.0005	0.0001	0.001	0.3	0.7
Docetaxel	50	65	0.1	0.001	0.05	0.005	3	0.005	0.0005	0.001	0.01	0.99
Docetaxel	50	65	0.1	0.005	0.0005	0.0001	2	0.001	0.05	0.001	0.2	0.8
Docetaxel	50	65	0.1	0.005	0.0005	0.05	2	0.001	0.005	0.0001	1	0
Docetaxel	50	65	0.1	0.005	0.0005	0.05	3	0.005	0.0001	0.0005	0.01	0.99
Docetaxel	50	65	0.1	0.005	0.005	0.05	2	0.001	0.05	0.0005	1	0
Docetaxel	50	65	0.1	0.005	0.05	0.0005	2	0.005	0.0005	0.0001	0.3	0.7
Docetaxel	50	65	0.1	0.005	0.05	0.0005	3	0.005	0.0005	0.0001	1	0
Docetaxel	50	65	0.1	0.005	0.05	0.05	2	0.001	0.0005	0.0005	0.01	0.99
Docetaxel	50	65	0.1	0.05	0.0005	0.001	3	0.005	0.05	0.0001	1	0
Docetaxel	50	65	0.1	0.05	0.005	0.05	3	0.005	0.05	0.0005	0.001	1.0
Docetaxel	50	65	0.1	0.05	0.05	0.001	3	0.0005	0.005	0.0001	0.0005	1.0
Docetaxel	50	65	0.3	0.0001	0.0005	0.0001	3	0.001	0.0005	0.001	0.01	0.99
Docetaxel	50	65	0.3	0.0001	0.0005	0.0005	2	0.001	0.0001	0.0005	0.0005	1.0
Docetaxel	50	65	0.3	0.0001	0.0005	0.005	3	0.0005	0.0001	0.0001	0.0001	1.0
Docetaxel	50	65	0.3	0.0001	0.005	0.0001	3	0.001	0.005	0.001	0.001	1.0
Docetaxel	50	65	0.3	0.0001	0.005	0.0005	2	0.001	0.0001	0.0005	0.01	0.99
Docetaxel	50	65	0.3	0.0001	0.005	0.001	2	0.0005	0.005	0.0001	0.0005	1.0
Docetaxel	50	65	0.3	0.0001	0.005	0.05	3	0.001	0.05	0.0001	0.01	0.99
Docetaxel	50	65	0.3	0.0001	0.05	0.005	2	0.0005	0.0001	0.0005	0.0005	1.0
Docetaxel	50	65	0.3	0.0005	0.05	0.0005	3	0.005	0.05	0.0005	0.0001	1.0
Docetaxel	50	65	0.3	0.0005	0.05	0.05	2	0.001	0.005	0.0005	0.01	0.99
Docetaxel	50	65	0.3	0.001	0.0005	0.0005	2	0.005	0.05	0.0001	0.001	1.0
Docetaxel	50	65	0.3	0.001	0.0005	0.005	3	0.0005	0.05	0.001	0.5	0.5
Docetaxel	50	65	0.3	0.001	0.0005	0.05	3	0.005	0.0001	0.0005	0.5	0.5
Docetaxel	50	65	0.3	0.001	0.005	0.0005	3	0.001	0.0005	0.0001	0.0005	1.0
Docetaxel	50	65	0.3	0.001	0.005	0.001	3	0.0005	0.0001	0.0001	1	0
Docetaxel	50	65	0.3	0.001	0.005	0.005	2	0.001	0.05	0.0005	0.001	1.0
Docetaxel	50	65	0.3	0.001	0.005	0.05	3	0.0005	0.0001	0.0001	1	0
Docetaxel	50	65	0.3	0.001	0.05	0.0001	2	0.001	0.005	0.001	0.001	1.0
Docetaxel	50	65	0.3	0.001	0.05	0.0001	3	0.005	0.0001	0.0001	0.5	0.5
Docetaxel	50	65	0.3	0.001	0.05	0.001	2	0.005	0.05	0.0005	0.05	0.95
Docetaxel	50	65	0.3	0.005	0.0005	0.0005	3	0.005	0.005	0.001	0.1	0.9
Docetaxel	50	65	0.3	0.005	0.0005	0.05	2	0.0005	0.005	0.0005	0.5	0.5
Docetaxel	50	65	0.3	0.005	0.0005	0.05	2	0.001	0.005	0.0001	0.01	0.99
Docetaxel	50	65	0.3	0.005	0.005	0.0001	2	0.005	0.005	0.0005	0.05	0.95
Docetaxel	50	65	0.3	0.005	0.005	0.001	3	0.001	0.0001	0.0005	0.1	0.9
Docetaxel	50	65	0.3	0.005	0.005	0.001	3	0.001	0.05	0.0001	0.001	1.0
Docetaxel	50	65	0.3	0.005	0.005	0.005	2	0.0005	0.005	0.0005	0.1	0.9
Docetaxel	50	65	0.3	0.005	0.005	0.005	2	0.001	0.005	0.0001	0.4	0.6
Docetaxel	50	65	0.3	0.005	0.005	0.05	2	0.0005	0.0005	0.0001	0.3	0.7
Docetaxel	50	65	0.3	0.005	0.05	0.0005	3	0.005	0.0001	0.0001	0.05	0.95
Docetaxel	50	65	0.3	0.005	0.05	0.001	2	0.005	0.0005	0.0005	0.05	0.95
Docetaxel	50	65	0.3	0.05	0.0005	0.0001	3	0.001	0.0005	0.0001	0.001	1.0
Docetaxel	50	65	0.3	0.05	0.0005	0.0001	3	0.005	0.005	0.0005	0.4	0.6
Docetaxel	50	65	0.3	0.05	0.0005	0.005	3	0.001	0.05	0.0005	0.0005	1.0
Docetaxel	50	65	0.3	0.05	0.005	0.001	3	0.0005	0.0001	0.0005	0.0001	1.0
Docetaxel	50	65	0.3	0.05	0.005	0.005	2	0.001	0.0005	0.0001	0.1	0.9
Docetaxel	50	65	0.3	0.05	0.005	0.05	2	0.005	0.0001	0.001	0.005	0.99
Docetaxel	50	65	0.3	0.05	0.05	0.0005	3	0.005	0.05	0.001	0.2	0.8
Docetaxel	50	65	0.3	0.05	0.05	0.005	3	0.0005	0.0001	0.0001	1	0
Docetaxel	50	65	0.3	0.05	0.05	0.05	2	0.005	0.0001	0.001	1	0
Erlotinib	10	129	0.1	0.0005	0.0005	0.005	2	0.0001	0.005	0.001	0.4	0.6
Erlotinib	10	129	0.1	0.0005	0.0005	0.005	3	0.0001	0.01	0.001	0.4	0.6
Erlotinib	10	129	0.1	0.0005	0.001	0.001	3	0.001	0.005	0.05	0.1	0.9
Erlotinib	10	129	0.1	0.0005	0.01	0.001	3	0.0001	0.0005	0.05	0.05	0.95
Erlotinib	10	129	0.1	0.0005	0.01	0.001	3	0.0001	0.05	0.05	1	0
Erlotinib	10	129	0.1	0.0005	0.05	0.05	3	0.005	0.05	0.0001	0.005	0.99
Erlotinib	10	129	0.1	0.001	0.0005	0.05	2	0.001	0.01	0.001	0.01	0.99
Erlotinib	10	129	0.1	0.001	0.0005	0.05	3	0.0001	0.01	0.05	0.005	0.99
Erlotinib	10	129	0.1	0.001	0.0005	0.05	3	0.0001	0.05	0.0001	0.005	0.99
Erlotinib	10	129	0.1	0.001	0.001	0.001	3	0.001	0.0005	0.0001	0.2	0.8
Erlotinib	10	129	0.1	0.001	0.001	0.05	3	0.0001	0.005	0.001	0.005	0.99
Erlotinib	10	129	0.1	0.001	0.005	0.0005	3	0.0001	0.001	0.05	0.0001	1.0
Erlotinib	10	129	0.1	0.001	0.005	0.001	3	0.001	0.01	0.001	0.4	0.6
Erlotinib	10	129	0.1	0.001	0.005	0.005	3	0.001	0.001	0.05	0.0001	1.0
Erlotinib	10	129	0.1	0.001	0.01	0.001	3	0.005	0.001	0.001	0.05	0.95
Erlotinib	10	129	0.1	0.001	0.01	0.005	3	0.005	0.05	0.0005	0.5	0.5
Erlotinib	10	129	0.1	0.01	0.0005	0.001	3	0.005	0.005	0.0001	0.5	0.5
Erlotinib	10	129	0.1	0.01	0.001	0.05	2	0.001	0.05	0.0005	0.01	0.99
Erlotinib	10	129	0.1	0.01	0.005	0.005	3	0.001	0.001	0.05	0.0001	1.0
Erlotinib	10	129	0.1	0.01	0.005	0.05	3	0.0001	0.05	0.0001	0.005	0.99
Erlotinib	10	129	0.1	0.01	0.01	0.0005	3	0.001	0.05	0.0005	0.2	0.8
Erlotinib	10	129	0.1	0.01	0.05	0.001	3	0.005	0.01	0.001	0.01	0.99
Erlotinib	10	129	0.1	0.01	0.05	0.005	2	0.0001	0.0005	0.05	0.3	0.7
Erlotinib	10	129	0.1	0.01	0.05	0.005	3	0.001	0.05	0.0005	0.3	0.7
Erlotinib	10	129	0.1	0.01	0.05	0.05	2	0.0001	0.005	0.0001	0.0005	1.0
Erlotinib	10	129	0.1	0.05	0.0005	0.0005	3	0.001	0.0005	0.0005	0.001	1.0
Erlotinib	10	129	0.1	0.05	0.0005	0.05	2	0.001	0.01	0.001	0.05	0.95
Erlotinib	10	129	0.1	0.05	0.0005	0.05	2	0.005	0.01	0.0001	0.5	0.5
Erlotinib	10	129	0.1	0.05	0.001	0.001	2	0.001	0.005	0.001	0.05	0.95
Erlotinib	10	129	0.1	0.05	0.001	0.005	3	0.005	0.05	0.0001	1	0
Erlotinib	10	129	0.1	0.05	0.01	0.0005	3	0.001	0.005	0.001	0.5	0.5
Erlotinib	10	129	0.1	0.05	0.01	0.001	3	0.001	0.01	0.0005	0.01	0.99
Erlotinib	10	129	0.1	0.05	0.01	0.05	3	0.0001	0.0005	0.001	0.005	0.99
Erlotinib	10	129	0.1	0.05	0.05	0.0005	3	0.005	0.001	0.0001	0.3	0.7
Erlotinib	10	129	0.1	0.05	0.05	0.001	2	0.0001	0.001	0.0001	0.4	0.6
Erlotinib	10	129	0.3	0.0005	0.005	0.005	3	0.0001	0.05	0.05	0.4	0.6
Erlotinib	10	129	0.3	0.0005	0.01	0.0005	2	0.005	0.001	0.001	0.1	0.9
Erlotinib	10	129	0.3	0.0005	0.01	0.001	2	0.005	0.05	0.001	0.4	0.6
Erlotinib	10	129	0.3	0.0005	0.01	0.005	3	0.0001	0.001	0.001	0.001	1.0
Erlotinib	10	129	0.3	0.0005	0.01	0.005	3	0.005	0.001	0.001	0.2	0.8
Erlotinib	10	129	0.3	0.0005	0.01	0.05	2	0.0001	0.001	0.0005	0.4	0.6
Erlotinib	10	129	0.3	0.0005	0.05	0.0005	2	0.001	0.05	0.0005	0.4	0.6
Erlotinib	10	129	0.3	0.0005	0.05	0.001	2	0.0001	0.05	0.0005	0.1	0.9
Erlotinib	10	129	0.3	0.001	0.001	0.05	2	0.001	0.005	0.0001	0.01	0.99
Erlotinib	10	129	0.3	0.001	0.001	0.05	3	0.005	0.001	0.05	0.05	0.95
Erlotinib	10	129	0.3	0.001	0.005	0.0005	3	0.001	0.005	0.0005	0.2	0.8
Erlotinib	10	129	0.3	0.001	0.01	0.001	3	0.0001	0.01	0.0005	0.0005	1.0
Erlotinib	10	129	0.3	0.001	0.01	0.001	3	0.001	0.05	0.0001	0.5	0.5
Erlotinib	10	129	0.3	0.001	0.01	0.005	3	0.0001	0.001	0.05	0.5	0.5
Erlotinib	10	129	0.3	0.001	0.05	0.001	2	0.005	0.005	0.0005	0.005	0.99
Erlotinib	10	129	0.3	0.001	0.05	0.005	3	0.001	0.05	0.05	0.001	1.0
Erlotinib	10	129	0.3	0.01	0.0005	0.0005	3	0.005	0.005	0.0001	0.4	0.6
Erlotinib	10	129	0.3	0.01	0.0005	0.001	2	0.001	0.0005	0.0001	0.5	0.5
Erlotinib	10	129	0.3	0.01	0.001	0.0005	3	0.001	0.005	0.001	0.01	0.99
Erlotinib	10	129	0.3	0.01	0.001	0.001	3	0.005	0.01	0.0005	0.0001	1.0
Erlotinib	10	129	0.3	0.01	0.001	0.005	2	0.001	0.0005	0.001	0.01	0.99
Erlotinib	10	129	0.3	0.01	0.005	0.05	2	0.001	0.01	0.0001	0.5	0.5
Erlotinib	10	129	0.3	0.01	0.01	0.0005	2	0.001	0.001	0.05	0.3	0.7
Erlotinib	10	129	0.3	0.01	0.01	0.0005	3	0.001	0.001	0.001	0.1	0.9
Erlotinib	10	129	0.3	0.01	0.05	0.0005	3	0.001	0.01	0.0001	0.0001	1.0
Erlotinib	10	129	0.3	0.01	0.05	0.001	2	0.001	0.005	0.0005	0.05	0.95
Erlotinib	10	129	0.3	0.05	0.0005	0.005	2	0.001	0.001	0.001	0.005	0.99
Erlotinib	10	129	0.3	0.05	0.0005	0.05	2	0.005	0.05	0.0001	0.5	0.5
Erlotinib	10	129	0.3	0.05	0.005	0.05	2	0.0001	0.05	0.001	0.05	0.95
Erlotinib	10	129	0.3	0.05	0.005	0.05	3	0.0001	0.05	0.0001	0.4	0.6
Erlotinib	10	129	0.3	0.05	0.01	0.0005	2	0.0001	0.005	0.0001	0.2	0.8
Erlotinib	10	129	0.3	0.05	0.01	0.001	3	0.0001	0.001	0.05	1	0
Erlotinib	10	129	0.3	0.05	0.01	0.05	2	0.0001	0.001	0.0005	0.001	1.0
Erlotinib	10	129	0.3	0.05	0.05	0.001	3	0.005	0.001	0.0005	0.0001	1.0
Erlotinib	50	129	0.1	0.0005	0.0005	0.001	2	0.005	0.005	0.001	0.5	0.5
Erlotinib	50	129	0.1	0.0005	0.0005	0.005	2	0.005	0.0005	0.001	0.4	0.6
Erlotinib	50	129	0.1	0.0005	0.0005	0.005	3	0.0001	0.05	0.0005	0.005	0.99
Erlotinib	50	129	0.1	0.0005	0.001	0.0005	3	0.0001	0.0005	0.0001	0.005	0.99
Erlotinib	50	129	0.1	0.0005	0.001	0.05	2	0.005	0.01	0.0001	0.05	0.95
Erlotinib	50	129	0.1	0.0005	0.005	0.0005	3	0.005	0.0005	0.05	1	0
Erlotinib	50	129	0.1	0.0005	0.005	0.05	2	0.005	0.005	0.001	0.2	0.8
Erlotinib	50	129	0.1	0.0005	0.01	0.001	2	0.005	0.0005	0.001	0.005	0.99
Erlotinib	50	129	0.1	0.0005	0.01	0.005	3	0.005	0.0005	0.001	0.0001	1.0
Erlotinib	50	129	0.1	0.0005	0.05	0.0005	3	0.005	0.005	0.001	0.3	0.7
Erlotinib	50	129	0.1	0.0005	0.05	0.005	2	0.001	0.001	0.05	0.2	0.8
Erlotinib	50	129	0.1	0.0005	0.05	0.05	2	0.0001	0.001	0.05	0.4	0.6
Erlotinib	50	129	0.1	0.0005	0.05	0.05	2	0.001	0.05	0.05	0.01	0.99
Erlotinib	50	129	0.1	0.0005	0.05	0.05	2	0.005	0.001	0.001	1	0
Erlotinib	50	129	0.1	0.0005	0.05	0.05	3	0.001	0.0005	0.0001	0.0005	1.0
Erlotinib	50	129	0.1	0.0005	0.05	0.05	3	0.005	0.001	0.0001	0.001	1.0
Erlotinib	50	129	0.1	0.001	0.0005	0.0005	3	0.001	0.005	0.05	0.5	0.5
Erlotinib	50	129	0.1	0.001	0.001	0.005	3	0.001	0.05	0.0001	0.005	0.99
Erlotinib	50	129	0.1	0.001	0.001	0.05	2	0.005	0.0005	0.05	0.3	0.7
Erlotinib	50	129	0.1	0.001	0.005	0.001	3	0.0001	0.005	0.001	0.2	0.8
Erlotinib	50	129	0.1	0.001	0.01	0.001	3	0.0001	0.005	0.05	0.01	0.99
Erlotinib	50	129	0.1	0.001	0.01	0.005	3	0.0001	0.0005	0.05	0.0005	1.0
Erlotinib	50	129	0.1	0.001	0.01	0.05	2	0.001	0.01	0.0005	1	0
Erlotinib	50	129	0.1	0.001	0.05	0.005	2	0.005	0.05	0.0005	0.3	0.7
Erlotinib	50	129	0.1	0.01	0.0005	0.001	2	0.0001	0.001	0.001	0.005	0.99
Erlotinib	50	129	0.1	0.01	0.0005	0.05	3	0.001	0.05	0.0005	0.4	0.6
Erlotinib	50	129	0.1	0.01	0.005	0.0005	3	0.001	0.0005	0.0005	0.05	0.95
Erlotinib	50	129	0.1	0.01	0.005	0.0005	3	0.005	0.001	0.0005	0.4	0.6
Erlotinib	50	129	0.1	0.01	0.005	0.05	3	0.0001	0.005	0.0005	1	0
Erlotinib	50	129	0.1	0.01	0.01	0.0005	2	0.005	0.005	0.001	0.0001	1.0
Erlotinib	50	129	0.1	0.01	0.01	0.0005	3	0.005	0.0005	0.05	0.2	0.8
Erlotinib	50	129	0.1	0.01	0.01	0.001	2	0.0001	0.005	0.05	0.1	0.9
Erlotinib	50	129	0.1	0.01	0.01	0.001	3	0.005	0.001	0.0001	0.001	1.0
Erlotinib	50	129	0.1	0.01	0.01	0.005	3	0.0001	0.001	0.05	0.0005	1.0
Erlotinib	50	129	0.1	0.01	0.05	0.001	2	0.005	0.005	0.001	0.5	0.5
Erlotinib	50	129	0.1	0.01	0.05	0.005	3	0.005	0.005	0.0001	0.005	0.99
Erlotinib	50	129	0.1	0.05	0.001	0.001	2	0.0001	0.001	0.0001	0.05	0.95
Erlotinib	50	129	0.1	0.05	0.001	0.005	3	0.001	0.001	0.001	0.1	0.9
Erlotinib	50	129	0.1	0.05	0.005	0.0005	2	0.001	0.01	0.001	0.01	0.99
Erlotinib	50	129	0.1	0.05	0.005	0.005	3	0.0001	0.005	0.001	0.005	0.99
Erlotinib	50	129	0.1	0.05	0.01	0.001	2	0.0001	0.01	0.05	0.005	0.99
Erlotinib	50	129	0.1	0.05	0.01	0.001	2	0.001	0.001	0.001	0.2	0.8
Erlotinib	50	129	0.1	0.05	0.05	0.001	3	0.005	0.0005	0.0001	0.5	0.5
Erlotinib	50	129	0.1	0.05	0.05	0.05	3	0.0001	0.005	0.001	0.01	0.99
Erlotinib	50	129	0.3	0.0005	0.0005	0.0005	2	0.001	0.001	0.001	0.0005	1.0
Erlotinib	50	129	0.3	0.0005	0.0005	0.001	3	0.005	0.01	0.0001	0.05	0.95
Erlotinib	50	129	0.3	0.0005	0.0005	0.005	2	0.0001	0.01	0.05	0.001	1.0
Erlotinib	50	129	0.3	0.0005	0.001	0.001	2	0.005	0.05	0.001	0.001	1.0
Erlotinib	50	129	0.3	0.0005	0.001	0.005	2	0.005	0.001	0.0001	1	0
Erlotinib	50	129	0.3	0.0005	0.001	0.05	3	0.0001	0.001	0.05	0.0001	1.0
Erlotinib	50	129	0.3	0.0005	0.001	0.05	3	0.0001	0.005	0.0005	0.3	0.7
Erlotinib	50	129	0.3	0.0005	0.001	0.05	3	0.001	0.05	0.0005	0.4	0.6
Erlotinib	50	129	0.3	0.0005	0.005	0.001	2	0.001	0.001	0.001	1	0
Erlotinib	50	129	0.3	0.0005	0.01	0.05	2	0.0001	0.001	0.001	0.0001	1.0
Erlotinib	50	129	0.3	0.0005	0.05	0.001	3	0.0001	0.01	0.0001	0.001	1.0
Erlotinib	50	129	0.3	0.0005	0.05	0.05	2	0.0001	0.001	0.05	0.1	0.9
Erlotinib	50	129	0.3	0.001	0.0005	0.0005	2	0.005	0.01	0.0001	0.005	0.99
Erlotinib	50	129	0.3	0.001	0.001	0.005	2	0.001	0.0005	0.0005	0.4	0.6
Erlotinib	50	129	0.3	0.001	0.01	0.005	2	0.005	0.01	0.0005	1	0
Erlotinib	50	129	0.3	0.001	0.05	0.0005	2	0.001	0.01	0.05	0.5	0.5
Erlotinib	50	129	0.3	0.001	0.05	0.0005	3	0.001	0.01	0.0005	0.0005	1.0
Erlotinib	50	129	0.3	0.001	0.05	0.05	2	0.001	0.01	0.0005	0.3	0.7
Erlotinib	50	129	0.3	0.01	0.001	0.001	2	0.0001	0.05	0.0001	0.0001	1.0
Erlotinib	50	129	0.3	0.01	0.001	0.001	3	0.005	0.0005	0.0001	0.1	0.9
Erlotinib	50	129	0.3	0.01	0.005	0.0005	2	0.001	0.005	0.05	0.3	0.7
Erlotinib	50	129	0.3	0.01	0.005	0.05	3	0.001	0.05	0.05	0.2	0.8
Erlotinib	50	129	0.3	0.01	0.01	0.0005	3	0.0001	0.005	0.05	0.1	0.9
Erlotinib	50	129	0.3	0.01	0.05	0.001	2	0.005	0.01	0.05	0.2	0.8
Erlotinib	50	129	0.3	0.01	0.05	0.001	3	0.001	0.05	0.0001	0.5	0.5
Erlotinib	50	129	0.3	0.01	0.05	0.001	3	0.005	0.05	0.0005	0.2	0.8
Erlotinib	50	129	0.3	0.01	0.05	0.005	2	0.001	0.0005	0.001	0.1	0.9
Erlotinib	50	129	0.3	0.05	0.0005	0.005	3	0.0001	0.01	0.05	0.0001	1.0
Erlotinib	50	129	0.3	0.05	0.001	0.0005	3	0.0001	0.001	0.0005	0.01	0.99
Erlotinib	50	129	0.3	0.05	0.001	0.005	3	0.005	0.0005	0.0001	0.0001	1.0
Erlotinib	50	129	0.3	0.05	0.005	0.0005	3	0.001	0.01	0.05	0.3	0.7
Erlotinib	50	129	0.3	0.05	0.005	0.001	3	0.005	0.05	0.0001	0.2	0.8
Erlotinib	50	129	0.3	0.05	0.005	0.05	3	0.001	0.001	0.0001	0.1	0.9
Erlotinib	50	129	0.3	0.05	0.01	0.001	3	0.001	0.01	0.0001	0.05	0.95
Erlotinib	50	129	0.3	0.05	0.01	0.05	3	0.001	0.05	0.05	0.3	0.7
Erlotinib	50	129	0.3	0.05	0.05	0.0005	2	0.0001	0.001	0.0005	0.2	0.8
Erlotinib	50	129	0.3	0.05	0.05	0.005	2	0.005	0.005	0.0001	1	0
Gemcitabine	10	129	0.1	0.0001	0.0005	0.05	3	0.01	0.005	0.0005	0.01	0.99
Gemcitabine	10	129	0.1	0.0001	0.001	0.05	3	0.0005	0.05	0.01	0.005	0.99
Gemcitabine	10	129	0.1	0.0001	0.005	0.001	2	0.0005	0.0005	0.001	0.005	0.99
Gemcitabine	10	129	0.1	0.0001	0.005	0.05	2	0.0001	0.0005	0.05	0.3	0.7
Gemcitabine	10	129	0.1	0.0001	0.01	0.005	3	0.001	0.0005	0.05	0.005	0.99
Gemcitabine	10	129	0.1	0.0001	0.01	0.05	3	0.0005	0.005	0.01	0.01	0.99
Gemcitabine	10	129	0.1	0.001	0.0001	0.01	2	0.0001	0.05	0.05	0.005	0.99
Gemcitabine	10	129	0.1	0.001	0.001	0.05	3	0.0001	0.005	0.0005	0.0005	1.0
Gemcitabine	10	129	0.1	0.001	0.01	0.05	3	0.0005	0.005	0.001	0.3	0.7
Gemcitabine	10	129	0.1	0.01	0.005	0.001	2	0.0005	0.005	0.001	0.3	0.7
Gemcitabine	10	129	0.1	0.01	0.005	0.005	3	0.0005	0.005	0.001	1	0
Gemcitabine	10	129	0.1	0.01	0.005	0.01	3	0.01	0.05	0.0005	0.1	0.9
Gemcitabine	10	129	0.1	0.01	0.01	0.001	2	0.0001	0.005	0.01	0.0001	1.0
Gemcitabine	10	129	0.1	0.05	0.001	0.005	2	0.01	0.0005	0.0005	0.0001	1.0
Gemcitabine	10	129	0.1	0.05	0.005	0.005	3	0.01	0.0005	0.01	0.5	0.5
Gemcitabine	10	129	0.1	0.05	0.005	0.01	2	0.01	0.0005	0.01	0.3	0.7
Gemcitabine	10	129	0.1	0.05	0.01	0.005	2	0.0001	0.0005	0.0005	0.5	0.5
Gemcitabine	10	129	0.5	0.0001	0.0001	0.001	3	0.001	0.005	0.01	0.2	0.8
Gemcitabine	10	129	0.5	0.0001	0.0001	0.005	3	0.01	0.0005	0.0005	0.2	0.8
Gemcitabine	10	129	0.5	0.0001	0.0005	0.01	2	0.01	0.005	0.0005	0.2	0.8
Gemcitabine	10	129	0.5	0.0001	0.0005	0.05	2	0.0005	0.05	0.0005	0.3	0.7
Gemcitabine	10	129	0.5	0.0001	0.001	0.005	2	0.0005	0.0005	0.0005	0.2	0.8
Gemcitabine	10	129	0.5	0.0001	0.001	0.005	3	0.01	0.005	0.001	0.0005	1.0
Gemcitabine	10	129	0.5	0.0001	0.001	0.01	3	0.0005	0.05	0.001	0.1	0.9
Gemcitabine	10	129	0.5	0.0001	0.005	0.001	2	0.001	0.0005	0.001	0.5	0.5
Gemcitabine	10	129	0.5	0.0001	0.005	0.05	2	0.01	0.005	0.001	0.5	0.5
Gemcitabine	10	129	0.5	0.001	0.0005	0.005	2	0.001	0.05	0.001	0.005	0.99
Gemcitabine	10	129	0.5	0.001	0.0005	0.05	2	0.0001	0.0005	0.001	0.2	0.8
Gemcitabine	10	129	0.5	0.001	0.0005	0.05	3	0.01	0.005	0.0005	0.5	0.5
Gemcitabine	10	129	0.5	0.001	0.005	0.005	3	0.001	0.05	0.0005	0.1	0.9
Gemcitabine	10	129	0.5	0.001	0.01	0.005	3	0.0001	0.0005	0.05	0.01	0.99
Gemcitabine	10	129	0.5	0.001	0.01	0.005	3	0.001	0.05	0.01	0.3	0.7
Gemcitabine	10	129	0.5	0.001	0.01	0.005	3	0.01	0.005	0.05	0.0001	1.0
Gemcitabine	10	129	0.5	0.001	0.01	0.05	2	0.0001	0.05	0.001	0.4	0.6
Gemcitabine	10	129	0.5	0.01	0.0005	0.05	3	0.0005	0.0005	0.001	0.01	0.99
Gemcitabine	10	129	0.5	0.01	0.005	0.005	2	0.01	0.05	0.01	0.4	0.6
Gemcitabine	10	129	0.5	0.01	0.01	0.01	2	0.01	0.005	0.01	0.4	0.6
Gemcitabine	10	129	0.5	0.05	0.0001	0.005	3	0.01	0.0005	0.01	0.0005	1.0
Gemcitabine	10	129	0.5	0.05	0.0001	0.01	2	0.0001	0.0005	0.001	0.2	0.8
Gemcitabine	10	129	0.5	0.05	0.0001	0.01	2	0.001	0.0005	0.05	0.05	0.95
Gemcitabine	10	129	0.5	0.05	0.0001	0.05	2	0.01	0.005	0.05	0.01	0.99
Gemcitabine	10	129	0.5	0.05	0.0005	0.005	2	0.01	0.005	0.05	0.001	1.0
Gemcitabine	10	129	0.5	0.05	0.001	0.01	3	0.0005	0.05	0.001	0.5	0.5
Gemcitabine	10	129	0.5	0.05	0.005	0.01	2	0.0005	0.0005	0.01	0.001	1.0
Gemcitabine	10	129	0.5	0.05	0.01	0.01	3	0.01	0.05	0.001	0.4	0.6
Gemcitabine	10	17	0.1	0.0001	0.0005	0.01	2	0.001	0.05	0.0005	0.01	0.99
Gemcitabine	10	17	0.1	0.0001	0.001	0.01	3	0.0001	0.005	0.05	1	0
Gemcitabine	10	17	0.1	0.0001	0.005	0.001	2	0.001	0.05	0.0005	0.001	1.0
Gemcitabine	10	17	0.1	0.0001	0.005	0.01	2	0.01	0.005	0.05	0.005	0.99
Gemcitabine	10	17	0.1	0.0001	0.01	0.01	2	0.001	0.005	0.001	0.4	0.6
Gemcitabine	10	17	0.1	0.001	0.0001	0.005	3	0.001	0.005	0.01	0.2	0.8
Gemcitabine	10	17	0.1	0.001	0.0001	0.05	3	0.01	0.05	0.01	1	0
Gemcitabine	10	17	0.1	0.001	0.0005	0.005	3	0.001	0.005	0.05	1	0
Gemcitabine	10	17	0.1	0.001	0.01	0.005	2	0.0005	0.005	0.05	0.0005	1.0
Gemcitabine	10	17	0.1	0.01	0.001	0.005	3	0.01	0.0005	0.0005	0.0001	1.0
Gemcitabine	10	17	0.1	0.05	0.0001	0.01	3	0.001	0.05	0.0005	0.1	0.9
Gemcitabine	10	17	0.1	0.05	0.0005	0.005	3	0.001	0.05	0.01	0.001	1.0
Gemcitabine	10	17	0.1	0.05	0.01	0.001	2	0.0005	0.05	0.05	0.005	0.99
Gemcitabine	10	17	0.5	0.0001	0.005	0.005	3	0.0005	0.005	0.01	1	0
Gemcitabine	10	17	0.5	0.0001	0.01	0.05	2	0.01	0.0005	0.05	0.0001	1.0
Gemcitabine	10	17	0.5	0.001	0.0001	0.005	3	0.001	0.05	0.01	0.005	0.99
Gemcitabine	10	17	0.5	0.001	0.001	0.001	3	0.0001	0.0005	0.05	1	0
Gemcitabine	10	17	0.5	0.001	0.005	0.01	3	0.01	0.05	0.01	0.5	0.5
Gemcitabine	10	17	0.5	0.001	0.01	0.001	3	0.0005	0.005	0.0005	0.005	0.99
Gemcitabine	10	17	0.5	0.01	0.0001	0.05	3	0.01	0.005	0.05	0.001	1.0
Gemcitabine	10	17	0.5	0.01	0.0005	0.001	3	0.0001	0.05	0.0005	0.3	0.7
Gemcitabine	10	17	0.5	0.01	0.0005	0.005	2	0.01	0.0005	0.01	0.1	0.9
Gemcitabine	10	17	0.5	0.01	0.005	0.005	3	0.001	0.0005	0.05	0.05	0.95
Gemcitabine	10	17	0.5	0.01	0.01	0.005	3	0.0001	0.0005	0.01	0.0005	1.0
Gemcitabine	10	17	0.5	0.05	0.001	0.001	2	0.01	0.0005	0.01	1	0
Gemcitabine	10	17	0.5	0.05	0.001	0.01	2	0.001	0.005	0.05	0.05	0.95
Gemcitabine	10	17	0.5	0.05	0.01	0.005	3	0.0005	0.05	0.05	0.2	0.8
Gemcitabine	10	17	0.5	0.05	0.01	0.05	2	0.0001	0.0005	0.05	0.05	0.95
Gemcitabine	50	129	0.1	0.0001	0.0001	0.001	2	0.0001	0.005	0.01	0.3	0.7
Gemcitabine	50	129	0.1	0.0001	0.0005	0.01	3	0.0001	0.005	0.0005	0.005	0.99
Gemcitabine	50	129	0.1	0.0001	0.0005	0.01	3	0.01	0.0005	0.05	0.0005	1.0
Gemcitabine	50	129	0.1	0.0001	0.005	0.05	3	0.0001	0.005	0.01	0.05	0.95
Gemcitabine	50	129	0.1	0.001	0.0005	0.01	3	0.01	0.005	0.0005	0.001	1.0
Gemcitabine	50	129	0.1	0.001	0.01	0.001	2	0.001	0.0005	0.001	0.01	0.99
Gemcitabine	50	129	0.1	0.001	0.01	0.005	2	0.0001	0.0005	0.0005	0.4	0.6
Gemcitabine	50	129	0.1	0.001	0.01	0.01	3	0.001	0.05	0.001	0.2	0.8
Gemcitabine	50	129	0.1	0.01	0.0005	0.05	3	0.0001	0.05	0.001	0.001	1.0
Gemcitabine	50	129	0.1	0.01	0.001	0.005	3	0.0001	0.0005	0.05	0.1	0.9
Gemcitabine	50	129	0.1	0.01	0.001	0.01	2	0.01	0.05	0.0005	0.05	0.95
Gemcitabine	50	129	0.1	0.01	0.005	0.005	3	0.0005	0.005	0.01	0.1	0.9
Gemcitabine	50	129	0.1	0.01	0.005	0.05	3	0.0005	0.05	0.05	0.05	0.95
Gemcitabine	50	129	0.1	0.05	0.0001	0.001	2	0.01	0.05	0.001	0.0001	1.0
Gemcitabine	50	129	0.1	0.05	0.0001	0.005	2	0.0001	0.0005	0.01	0.3	0.7
Gemcitabine	50	129	0.1	0.05	0.001	0.005	3	0.0001	0.05	0.01	1	0
Gemcitabine	50	129	0.1	0.05	0.001	0.01	2	0.0005	0.005	0.01	0.001	1.0
Gemcitabine	50	129	0.1	0.05	0.001	0.01	2	0.01	0.005	0.05	0.005	0.99
Gemcitabine	50	129	0.1	0.05	0.01	0.005	2	0.01	0.05	0.01	0.005	0.99
Gemcitabine	50	129	0.1	0.05	0.01	0.01	3	0.0001	0.0005	0.01	0.2	0.8
Gemcitabine	50	129	0.5	0.0001	0.0005	0.001	2	0.001	0.05	0.05	1	0
Gemcitabine	50	129	0.5	0.0001	0.0005	0.01	3	0.01	0.005	0.01	0.001	1.0
Gemcitabine	50	129	0.5	0.0001	0.0005	0.05	2	0.0001	0.05	0.0005	0.1	0.9
Gemcitabine	50	129	0.5	0.0001	0.005	0.01	3	0.001	0.0005	0.01	0.0001	1.0
Gemcitabine	50	129	0.5	0.001	0.0001	0.005	2	0.0005	0.0005	0.001	0.0001	1.0
Gemcitabine	50	129	0.5	0.001	0.0005	0.05	2	0.0005	0.005	0.0005	1	0
Gemcitabine	50	129	0.5	0.001	0.001	0.005	2	0.0001	0.05	0.001	0.1	0.9
Gemcitabine	50	129	0.5	0.001	0.001	0.01	3	0.001	0.05	0.0005	0.05	0.95
Gemcitabine	50	129	0.5	0.001	0.001	0.05	2	0.0001	0.005	0.05	1	0
Gemcitabine	50	129	0.5	0.001	0.005	0.05	2	0.01	0.005	0.05	0.1	0.9
Gemcitabine	50	129	0.5	0.001	0.01	0.05	3	0.001	0.05	0.05	0.0005	1.0
Gemcitabine	50	129	0.5	0.001	0.01	0.05	3	0.001	0.05	0.05	0.05	0.95
Gemcitabine	50	129	0.5	0.01	0.001	0.05	3	0.0005	0.05	0.0005	0.2	0.8
Gemcitabine	50	129	0.5	0.01	0.005	0.05	3	0.0005	0.0005	0.0005	0.0005	1.0
Gemcitabine	50	129	0.5	0.01	0.01	0.001	2	0.01	0.0005	0.01	0.01	0.99
Gemcitabine	50	129	0.5	0.01	0.01	0.01	2	0.0001	0.0005	0.05	0.5	0.5
Gemcitabine	50	129	0.5	0.01	0.01	0.01	2	0.01	0.05	0.05	0.4	0.6
Gemcitabine	50	129	0.5	0.01	0.01	0.05	3	0.001	0.0005	0.0005	0.05	0.95
Gemcitabine	50	129	0.5	0.05	0.0001	0.01	2	0.01	0.0005	0.001	0.3	0.7
Gemcitabine	50	129	0.5	0.05	0.005	0.001	2	0.0001	0.0005	0.01	0.01	0.99
Gemcitabine	50	129	0.5	0.05	0.005	0.005	3	0.0001	0.0005	0.05	0.001	1.0
Gemcitabine	50	129	0.5	0.05	0.005	0.05	3	0.01	0.05	0.01	0.005	0.99
Gemcitabine	50	129	0.5	0.05	0.01	0.001	3	0.0001	0.0005	0.05	0.4	0.6
Gemcitabine	50	129	0.5	0.05	0.01	0.01	3	0.001	0.0005	0.01	0.05	0.95
Gemcitabine	50	129	0.5	0.05	0.01	0.05	2	0.0001	0.005	0.0005	0.05	0.95
Gemcitabine	50	17	0.1	0.0001	0.0005	0.01	2	0.01	0.005	0.01	0.2	0.8
Gemcitabine	50	17	0.1	0.0001	0.001	0.05	3	0.0005	0.05	0.001	0.4	0.6
Gemcitabine	50	17	0.1	0.0001	0.001	0.05	3	0.001	0.0005	0.05	0.0005	1.0
Gemcitabine	50	17	0.1	0.0001	0.01	0.001	3	0.0005	0.05	0.0005	0.4	0.6
Gemcitabine	50	17	0.1	0.001	0.0001	0.01	3	0.0005	0.0005	0.001	0.01	0.99
Gemcitabine	50	17	0.1	0.001	0.0001	0.05	2	0.0001	0.0005	0.01	0.1	0.9
Gemcitabine	50	17	0.1	0.001	0.0001	0.05	2	0.0005	0.005	0.05	0.05	0.95
Gemcitabine	50	17	0.1	0.001	0.0005	0.001	2	0.01	0.005	0.001	0.01	0.99
Gemcitabine	50	17	0.1	0.001	0.0005	0.001	3	0.01	0.0005	0.05	0.1	0.9
Gemcitabine	50	17	0.1	0.001	0.0005	0.005	3	0.001	0.005	0.01	0.005	0.99
Gemcitabine	50	17	0.1	0.001	0.001	0.01	3	0.01	0.005	0.0005	1	0
Gemcitabine	50	17	0.1	0.001	0.01	0.005	3	0.0005	0.005	0.001	0.4	0.6
Gemcitabine	50	17	0.1	0.01	0.0001	0.05	3	0.001	0.0005	0.0005	1	0
Gemcitabine	50	17	0.1	0.01	0.0005	0.001	2	0.01	0.0005	0.05	0.05	0.95
Gemcitabine	50	17	0.1	0.01	0.0005	0.001	3	0.01	0.005	0.0005	0.005	0.99
Gemcitabine	50	17	0.1	0.05	0.0005	0.05	2	0.0001	0.05	0.001	0.0001	1.0
Gemcitabine	50	17	0.1	0.05	0.005	0.001	2	0.0001	0.05	0.01	0.3	0.7
Gemcitabine	50	17	0.1	0.05	0.005	0.05	2	0.0001	0.005	0.0005	0.0005	1.0
Gemcitabine	50	17	0.1	0.05	0.005	0.05	3	0.0005	0.05	0.0005	0.1	0.9
Gemcitabine	50	17	0.1	0.05	0.01	0.01	3	0.001	0.005	0.001	0.2	0.8
Gemcitabine	50	17	0.1	0.05	0.01	0.05	3	0.0001	0.005	0.0005	0.2	0.8
Gemcitabine	50	17	0.5	0.0001	0.0001	0.005	2	0.0001	0.05	0.01	0.01	0.99
Gemcitabine	50	17	0.5	0.0001	0.0001	0.005	3	0.0001	0.005	0.001	0.0001	1.0
Gemcitabine	50	17	0.5	0.0001	0.0005	0.01	3	0.0001	0.005	0.001	1	0
Gemcitabine	50	17	0.5	0.0001	0.005	0.05	2	0.001	0.005	0.0005	0.3	0.7
Gemcitabine	50	17	0.5	0.001	0.001	0.01	2	0.0001	0.05	0.01	0.05	0.95
Gemcitabine	50	17	0.5	0.001	0.005	0.05	3	0.001	0.0005	0.05	0.5	0.5
Gemcitabine	50	17	0.5	0.001	0.01	0.005	3	0.0005	0.05	0.01	0.2	0.8
Gemcitabine	50	17	0.5	0.01	0.0005	0.005	2	0.01	0.0005	0.001	1	0
Gemcitabine	50	17	0.5	0.01	0.0005	0.01	3	0.0001	0.005	0.001	0.001	1.0
Gemcitabine	50	17	0.5	0.05	0.0001	0.01	2	0.0001	0.05	0.05	0.1	0.9
Gemcitabine	50	17	0.5	0.05	0.001	0.05	2	0.01	0.0005	0.0005	0.1	0.9
Paclitaxel	100	129	0.1	0.0001	0.0001	0.005	3	0.05	0.0001	0.0005	0.3	0.7
Paclitaxel	100	129	0.1	0.0001	0.0001	0.01	3	0.005	0.005	0.005	0.05	0.95
Paclitaxel	100	129	0.1	0.0001	0.0005	0.0001	2	0.001	0.01	0.05	0.01	0.99
Paclitaxel	100	129	0.1	0.0001	0.05	0.0001	2	0.0005	0.0005	0.05	0.2	0.8
Paclitaxel	100	129	0.1	0.001	0.0001	0.05	2	0.05	0.005	0.0001	0.0001	1.0
Paclitaxel	100	129	0.1	0.001	0.0005	0.0001	3	0.001	0.0001	0.005	0.2	0.8
Paclitaxel	100	129	0.1	0.001	0.01	0.0001	2	0.005	0.01	0.0005	0.1	0.9
Paclitaxel	100	129	0.1	0.005	0.001	0.0001	3	0.0001	0.005	0.0005	0.001	1.0
Paclitaxel	100	129	0.1	0.005	0.05	0.0001	2	0.005	0.005	0.01	0.0001	1.0
Paclitaxel	100	129	0.1	0.01	0.01	0.05	3	0.005	0.0005	0.05	0.5	0.5
Paclitaxel	100	129	0.1	0.05	0.0001	0.01	3	0.0005	0.0005	0.0001	0.1	0.9
Paclitaxel	100	129	0.1	0.05	0.0005	0.005	2	0.0005	0.01	0.005	0.001	1.0
Paclitaxel	100	129	0.1	0.05	0.001	0.01	3	0.0001	0.0005	0.05	0.1	0.9
Paclitaxel	100	129	0.1	0.05	0.01	0.0001	2	0.005	0.05	0.05	0.2	0.8
Paclitaxel	100	129	0.1	0.05	0.05	0.005	2	0.01	0.05	0.01	1	0
Paclitaxel	100	129	0.3	0.0001	0.0005	0.05	2	0.005	0.05	0.0005	0.05	0.95
Paclitaxel	100	129	0.3	0.0001	0.001	0.005	3	0.01	0.005	0.05	0.4	0.6
Paclitaxel	100	129	0.3	0.0001	0.001	0.01	2	0.0001	0.05	0.005	0.01	0.99
Paclitaxel	100	129	0.3	0.0001	0.001	0.05	2	0.005	0.0001	0.01	0.5	0.5
Paclitaxel	100	129	0.3	0.0001	0.05	0.01	2	0.01	0.05	0.0001	0.005	0.99
Paclitaxel	100	129	0.3	0.001	0.0005	0.01	3	0.0001	0.0005	0.005	0.0001	1.0
Paclitaxel	100	129	0.3	0.005	0.01	0.05	3	0.001	0.0001	0.005	0.2	0.8
Paclitaxel	100	129	0.3	0.01	0.0005	0.001	3	0.01	0.0005	0.0001	0.001	1.0
Paclitaxel	100	129	0.3	0.01	0.0005	0.005	2	0.001	0.0005	0.0001	0.4	0.6
Paclitaxel	100	129	0.3	0.01	0.0005	0.05	3	0.001	0.01	0.0005	0.05	0.95
Paclitaxel	100	129	0.3	0.01	0.001	0.001	2	0.005	0.0001	0.05	1	0
Paclitaxel	100	129	0.3	0.01	0.01	0.05	2	0.001	0.05	0.01	0.05	0.95
Paclitaxel	100	129	0.3	0.05	0.01	0.005	3	0.05	0.01	0.005	0.1	0.9
Paclitaxel	100	129	0.3	0.05	0.05	0.001	2	0.0005	0.01	0.01	0.001	1.0
Paclitaxel	100	65	0.1	0.0001	0.001	0.05	3	0.01	0.05	0.0005	0.4	0.6
Paclitaxel	100	65	0.1	0.0001	0.01	0.005	3	0.05	0.0005	0.05	0.001	1.0
Paclitaxel	100	65	0.1	0.001	0.01	0.001	3	0.0005	0.0001	0.005	0.05	0.95
Paclitaxel	100	65	0.1	0.001	0.01	0.05	3	0.01	0.0005	0.01	0.005	0.99
Paclitaxel	100	65	0.1	0.005	0.0001	0.0001	3	0.0001	0.0001	0.05	0.0001	1.0
Paclitaxel	100	65	0.1	0.005	0.0001	0.05	2	0.01	0.0005	0.0005	0.05	0.95
Paclitaxel	100	65	0.1	0.005	0.001	0.0001	2	0.005	0.005	0.01	0.2	0.8
Paclitaxel	100	65	0.1	0.01	0.0005	0.005	2	0.0001	0.0005	0.01	0.5	0.5
Paclitaxel	100	65	0.1	0.01	0.001	0.01	2	0.0005	0.0005	0.005	0.001	1.0
Paclitaxel	100	65	0.1	0.05	0.01	0.01	3	0.05	0.005	0.0001	0.4	0.6
Paclitaxel	100	65	0.1	0.05	0.05	0.0001	3	0.01	0.005	0.0005	0.01	0.99
Paclitaxel	100	65	0.1	0.05	0.05	0.05	2	0.05	0.05	0.01	1	0
Paclitaxel	100	65	0.3	0.0001	0.0001	0.001	2	0.0005	0.0001	0.01	0.05	0.95
Paclitaxel	100	65	0.3	0.0001	0.0005	0.01	2	0.005	0.005	0.01	0.005	0.99
Paclitaxel	100	65	0.3	0.0001	0.05	0.01	3	0.005	0.0001	0.0005	1	0
Paclitaxel	100	65	0.3	0.0001	0.05	0.05	2	0.0005	0.01	0.0005	0.3	0.7
Paclitaxel	100	65	0.3	0.001	0.0001	0.05	2	0.001	0.005	0.0001	0.4	0.6
Paclitaxel	100	65	0.3	0.001	0.0005	0.0001	3	0.0001	0.05	0.05	0.1	0.9
Paclitaxel	100	65	0.3	0.001	0.0005	0.01	3	0.001	0.0001	0.0001	0.05	0.95
Paclitaxel	100	65	0.3	0.005	0.0001	0.05	2	0.05	0.01	0.0001	0.2	0.8
Paclitaxel	100	65	0.3	0.01	0.0001	0.001	3	0.0005	0.0001	0.01	0.3	0.7
Paclitaxel	100	65	0.3	0.01	0.05	0.0001	2	0.0005	0.005	0.01	0.1	0.9
Paclitaxel	100	65	0.3	0.05	0.0001	0.005	3	0.0005	0.005	0.05	0.05	0.95
Paclitaxel	100	65	0.3	0.05	0.0005	0.005	3	0.0001	0.0001	0.01	0.0005	1.0
Paclitaxel	100	65	0.3	0.05	0.0005	0.05	2	0.001	0.0001	0.05	0.2	0.8
Paclitaxel	10	129	0.1	0.0001	0.01	0.01	3	0.0001	0.0005	0.05	1	0
Paclitaxel	10	129	0.1	0.001	0.001	0.01	2	0.005	0.0005	0.05	0.5	0.5
Paclitaxel	10	129	0.1	0.001	0.05	0.0001	2	0.01	0.01	0.005	0.001	1.0
Paclitaxel	10	129	0.1	0.005	0.0001	0.01	2	0.0001	0.05	0.01	0.001	1.0
Paclitaxel	10	129	0.1	0.005	0.001	0.0001	2	0.005	0.01	0.005	0.005	0.99
Paclitaxel	10	129	0.1	0.005	0.001	0.001	2	0.001	0.01	0.0005	0.3	0.7
Paclitaxel	10	129	0.1	0.005	0.001	0.01	3	0.005	0.0001	0.05	0.0001	1.0
Paclitaxel	10	129	0.1	0.005	0.05	0.05	2	0.0001	0.05	0.01	0.05	0.95
Paclitaxel	10	129	0.1	0.01	0.01	0.001	3	0.001	0.005	0.0001	0.01	0.99
Paclitaxel	10	129	0.1	0.01	0.05	0.001	3	0.01	0.005	0.01	0.0001	1.0
Paclitaxel	10	129	0.1	0.01	0.05	0.01	3	0.01	0.05	0.005	0.005	0.99
Paclitaxel	10	129	0.1	0.05	0.0005	0.005	2	0.0001	0.0005	0.05	0.001	1.0
Paclitaxel	10	129	0.3	0.0001	0.0001	0.001	2	0.0001	0.01	0.0001	0.3	0.7
Paclitaxel	10	129	0.3	0.001	0.0005	0.005	3	0.01	0.01	0.05	0.05	0.95
Paclitaxel	10	129	0.3	0.001	0.01	0.001	3	0.01	0.0005	0.0005	0.2	0.8
Paclitaxel	10	129	0.3	0.005	0.001	0.0001	2	0.0001	0.005	0.0005	0.01	0.99
Paclitaxel	10	129	0.3	0.01	0.0001	0.005	3	0.0001	0.005	0.01	0.001	1.0
Paclitaxel	10	129	0.3	0.01	0.0001	0.05	3	0.05	0.0001	0.0005	0.01	0.99
Paclitaxel	10	129	0.3	0.01	0.05	0.001	2	0.05	0.0001	0.01	0.001	1.0
Paclitaxel	10	129	0.3	0.01	0.05	0.005	2	0.01	0.0005	0.01	0.0001	1.0
Paclitaxel	10	129	0.3	0.05	0.0005	0.005	3	0.005	0.01	0.0001	0.2	0.8
Paclitaxel	10	129	0.3	0.05	0.001	0.01	3	0.0005	0.005	0.0001	0.1	0.9
Paclitaxel	10	129	0.3	0.05	0.01	0.01	3	0.0001	0.0005	0.01	0.3	0.7
Paclitaxel	10	65	0.1	0.0001	0.0001	0.0001	2	0.005	0.05	0.0005	0.005	0.99
Paclitaxel	10	65	0.1	0.0001	0.001	0.01	3	0.05	0.0001	0.05	0.01	0.99
Paclitaxel	10	65	0.1	0.0001	0.05	0.005	3	0.001	0.01	0.01	0.01	0.99
Paclitaxel	10	65	0.1	0.001	0.01	0.01	3	0.001	0.01	0.01	0.0005	1.0
Paclitaxel	10	65	0.1	0.005	0.0005	0.005	3	0.01	0.05	0.005	0.5	0.5
Paclitaxel	10	65	0.1	0.005	0.0005	0.05	2	0.01	0.05	0.05	0.5	0.5
Paclitaxel	10	65	0.1	0.005	0.05	0.01	3	0.001	0.005	0.005	0.001	1.0
Paclitaxel	10	65	0.1	0.01	0.0001	0.0001	3	0.005	0.01	0.0001	0.05	0.95
Paclitaxel	10	65	0.1	0.01	0.001	0.001	3	0.01	0.01	0.005	0.1	0.9
Paclitaxel	10	65	0.1	0.05	0.0005	0.005	2	0.005	0.05	0.0001	0.0001	1.0
Paclitaxel	10	65	0.1	0.05	0.001	0.01	2	0.0001	0.005	0.01	0.1	0.9
Paclitaxel	10	65	0.3	0.0001	0.0001	0.01	2	0.01	0.05	0.01	0.005	0.99
Paclitaxel	10	65	0.3	0.0001	0.0005	0.01	2	0.001	0.005	0.05	0.001	1.0
Paclitaxel	10	65	0.3	0.0001	0.001	0.001	3	0.0001	0.005	0.05	0.005	0.99
Paclitaxel	10	65	0.3	0.0001	0.001	0.01	3	0.001	0.05	0.01	0.01	0.99
Paclitaxel	10	65	0.3	0.0001	0.05	0.01	2	0.01	0.01	0.0005	0.0001	1.0
Paclitaxel	10	65	0.3	0.001	0.0005	0.005	3	0.005	0.005	0.0005	0.0005	1.0
Paclitaxel	10	65	0.3	0.005	0.0001	0.05	2	0.01	0.0001	0.0005	0.0001	1.0
Paclitaxel	10	65	0.3	0.005	0.0005	0.05	2	0.0001	0.0005	0.05	0.0005	1.0
Paclitaxel	10	65	0.3	0.005	0.0005	0.05	3	0.005	0.005	0.005	0.05	0.95
Paclitaxel	10	65	0.3	0.005	0.01	0.0001	3	0.01	0.0005	0.01	0.2	0.8
Paclitaxel	10	65	0.3	0.005	0.01	0.005	3	0.01	0.0001	0.01	0.001	1.0
Paclitaxel	10	65	0.3	0.005	0.05	0.001	2	0.05	0.05	0.05	0.005	0.99
Paclitaxel	10	65	0.3	0.005	0.05	0.05	2	0.005	0.0005	0.0001	0.1	0.9
Paclitaxel	10	65	0.3	0.01	0.01	0.05	3	0.0001	0.0005	0.01	0.0005	1.0
Paclitaxel	50	129	0.1	0.001	0.0005	0.005	3	0.0001	0.05	0.01	0.005	0.99
Paclitaxel	50	129	0.1	0.001	0.0005	0.05	3	0.001	0.005	0.0005	0.0001	1.0
Paclitaxel	50	129	0.1	0.001	0.001	0.0001	2	0.0005	0.05	0.05	0.05	0.95
Paclitaxel	50	129	0.1	0.005	0.0005	0.05	2	0.05	0.01	0.0001	0.0005	1.0
Paclitaxel	50	129	0.1	0.005	0.01	0.0001	2	0.005	0.005	0.05	0.3	0.7
Paclitaxel	50	129	0.1	0.005	0.05	0.005	2	0.05	0.0005	0.0001	0.3	0.7
Paclitaxel	50	129	0.1	0.01	0.0005	0.001	3	0.0001	0.0005	0.005	0.0001	1.0
Paclitaxel	50	129	0.1	0.01	0.001	0.005	2	0.05	0.0005	0.05	0.1	0.9
Paclitaxel	50	129	0.1	0.05	0.0001	0.005	3	0.0001	0.01	0.0005	0.5	0.5
Paclitaxel	50	129	0.1	0.05	0.01	0.05	3	0.001	0.05	0.0005	0.4	0.6
Paclitaxel	50	129	0.3	0.0001	0.0001	0.01	3	0.05	0.05	0.0001	1	0
Paclitaxel	50	129	0.3	0.0001	0.0005	0.005	3	0.01	0.05	0.05	0.4	0.6
Paclitaxel	50	129	0.3	0.001	0.0001	0.05	2	0.05	0.01	0.0001	0.0001	1.0
Paclitaxel	50	129	0.3	0.001	0.001	0.0001	2	0.0001	0.05	0.01	0.05	0.95
Paclitaxel	50	129	0.3	0.001	0.001	0.001	3	0.0001	0.005	0.05	0.1	0.9
Paclitaxel	50	129	0.3	0.001	0.01	0.001	3	0.005	0.01	0.0001	0.01	0.99
Paclitaxel	50	129	0.3	0.005	0.05	0.001	3	0.0005	0.05	0.01	0.1	0.9
Paclitaxel	50	129	0.3	0.01	0.001	0.001	3	0.0001	0.005	0.0005	0.4	0.6
Paclitaxel	50	65	0.1	0.0001	0.0005	0.001	2	0.0005	0.005	0.01	0.5	0.5
Paclitaxel	50	65	0.1	0.0001	0.0005	0.001	3	0.0001	0.05	0.005	0.005	0.99
Paclitaxel	50	65	0.1	0.001	0.001	0.0001	2	0.01	0.05	0.01	0.0005	1.0
Paclitaxel	50	65	0.1	0.001	0.001	0.001	2	0.001	0.0001	0.05	0.3	0.7
Paclitaxel	50	65	0.1	0.001	0.05	0.05	2	0.05	0.01	0.01	0.05	0.95
Paclitaxel	50	65	0.1	0.005	0.05	0.05	2	0.0005	0.0001	0.0005	0.2	0.8
Paclitaxel	50	65	0.1	0.01	0.05	0.0001	3	0.005	0.005	0.005	0.2	0.8
Paclitaxel	50	65	0.1	0.05	0.0001	0.01	3	0.0005	0.005	0.05	0.4	0.6
Paclitaxel	50	65	0.1	0.05	0.01	0.0001	2	0.0005	0.01	0.0005	1	0
Paclitaxel	50	65	0.3	0.0001	0.001	0.0001	3	0.005	0.0005	0.0005	0.0005	1.0
Paclitaxel	50	65	0.3	0.0001	0.001	0.005	3	0.05	0.01	0.0005	1	0
Paclitaxel	50	65	0.3	0.0001	0.01	0.0001	2	0.01	0.01	0.05	0.3	0.7
Paclitaxel	50	65	0.3	0.0001	0.01	0.001	3	0.05	0.005	0.05	1	0
Paclitaxel	50	65	0.3	0.001	0.0001	0.005	2	0.01	0.01	0.05	0.001	1.0
Paclitaxel	50	65	0.3	0.001	0.05	0.001	2	0.0005	0.01	0.05	0.0005	1.0
Paclitaxel	50	65	0.3	0.001	0.05	0.005	3	0.0001	0.005	0.05	0.001	1.0
Paclitaxel	50	65	0.3	0.005	0.0001	0.005	2	0.0001	0.05	0.005	0.1	0.9
Paclitaxel	50	65	0.3	0.005	0.0001	0.005	3	0.01	0.0005	0.005	0.05	0.95
Paclitaxel	50	65	0.3	0.005	0.0001	0.005	3	0.05	0.01	0.0005	0.001	1.0
Paclitaxel	50	65	0.3	0.005	0.0005	0.01	2	0.05	0.005	0.05	0.01	0.99
Paclitaxel	50	65	0.3	0.005	0.05	0.0001	2	0.01	0.005	0.005	0.2	0.8
Paclitaxel	50	65	0.3	0.01	0.0001	0.01	2	0.05	0.05	0.005	0.05	0.95
Paclitaxel	50	65	0.3	0.01	0.0001	0.01	2	0.05	0.05	0.05	0.05	0.95
Paclitaxel	50	65	0.3	0.01	0.0001	0.05	2	0.05	0.01	0.0005	0.5	0.5
Paclitaxel	50	65	0.3	0.01	0.001	0.0001	2	0.01	0.05	0.01	0.01	0.99
Paclitaxel	50	65	0.3	0.05	0.0001	0.01	2	0.001	0.0001	0.01	0.001	1.0
Paclitaxel	50	65	0.3	0.05	0.0005	0.01	3	0.0001	0.0001	0.0001	0.005	0.99
Paclitaxel	50	65	0.3	0.05	0.0005	0.05	2	0.001	0.0005	0.01	0.01	0.99
Paclitaxel	50	65	0.3	0.05	0.001	0.005	3	0.001	0.05	0.05	0.005	0.99
Paclitaxel	50	65	0.3	0.05	0.05	0.005	3	0.0005	0.0001	0.0001	0.005	0.99
