Docetaxel	0	42	10	65	0.1	0.05	0.0005	0.0001	3	0.001	0.005	0.0005	0.2	0.8
Docetaxel	1	42	10	65	0.1	0.05	0.0005	0.0001	3	0.001	0.005	0.0005	0.2	0.8
Docetaxel	2	42	10	65	0.1	0.05	0.0005	0.0001	3	0.001	0.005	0.0005	0.2	0.8
Docetaxel	3	42	10	65	0.1	0.05	0.0005	0.0001	3	0.001	0.005	0.0005	0.2	0.8
Docetaxel	4	42	10	65	0.1	0.05	0.0005	0.0001	3	0.001	0.005	0.0005	0.2	0.8
Docetaxel	5	42	10	65	0.1	0.05	0.0005	0.0001	3	0.001	0.005	0.0005	0.2	0.8
Docetaxel	6	42	10	65	0.1	0.05	0.0005	0.0001	3	0.001	0.005	0.0005	0.2	0.8
Docetaxel	7	42	10	65	0.1	0.05	0.0005	0.0001	3	0.001	0.005	0.0005	0.2	0.8
Docetaxel	8	42	10	65	0.1	0.05	0.0005	0.0001	3	0.001	0.005	0.0005	0.2	0.8
Docetaxel	9	42	10	65	0.1	0.05	0.0005	0.0001	3	0.001	0.005	0.0005	0.2	0.8
Gemcitabine	0	42	10	17	0.1	0.0001	0.005	0.01	2	0.01	0.005	0.05	0.005	0.99
Gemcitabine	1	42	10	17	0.1	0.0001	0.005	0.01	2	0.01	0.005	0.05	0.005	0.99
Gemcitabine	2	42	10	17	0.1	0.0001	0.005	0.01	2	0.01	0.005	0.05	0.005	0.99
Gemcitabine	3	42	10	17	0.1	0.0001	0.005	0.01	2	0.01	0.005	0.05	0.005	0.99
Gemcitabine	4	42	10	17	0.1	0.0001	0.005	0.01	2	0.01	0.005	0.05	0.005	0.99
Gemcitabine	5	42	10	17	0.1	0.0001	0.005	0.01	2	0.01	0.005	0.05	0.005	0.99
Gemcitabine	6	42	10	17	0.1	0.0001	0.005	0.01	2	0.01	0.005	0.05	0.005	0.99
Gemcitabine	7	42	10	17	0.1	0.0001	0.005	0.01	2	0.01	0.005	0.05	0.005	0.99
Gemcitabine	8	42	10	17	0.1	0.0001	0.005	0.01	2	0.01	0.005	0.05	0.005	0.99
Gemcitabine	9	42	10	17	0.1	0.0001	0.005	0.01	2	0.01	0.005	0.05	0.005	0.99
Erlotinib	0	42	50	129	0.1	0.05	0.005	0.0005	2	0.001	0.01	0.001	0.01	0.99
Erlotinib	1	42	50	129	0.1	0.05	0.005	0.0005	2	0.001	0.01	0.001	0.01	0.99
Erlotinib	2	42	50	129	0.1	0.05	0.005	0.0005	2	0.001	0.01	0.001	0.01	0.99
Erlotinib	3	42	50	129	0.1	0.05	0.005	0.0005	2	0.001	0.01	0.001	0.01	0.99
Erlotinib	4	42	50	129	0.1	0.05	0.005	0.0005	2	0.001	0.01	0.001	0.01	0.99
Erlotinib	5	42	50	129	0.1	0.05	0.005	0.0005	2	0.001	0.01	0.001	0.01	0.99
Erlotinib	6	42	50	129	0.1	0.05	0.005	0.0005	2	0.001	0.01	0.001	0.01	0.99
Erlotinib	7	42	50	129	0.1	0.05	0.005	0.0005	2	0.001	0.01	0.001	0.01	0.99
Erlotinib	8	42	50	129	0.1	0.05	0.005	0.0005	2	0.001	0.01	0.001	0.01	0.99
Erlotinib	9	42	50	129	0.1	0.05	0.005	0.0005	2	0.001	0.01	0.001	0.01	0.99
Paclitaxel	0	42	50	129	0.1	0.005	0.05	0.005	2	0.05	0.0005	0.0001	0.3	0.7
Paclitaxel	1	42	50	129	0.1	0.005	0.05	0.005	2	0.05	0.0005	0.0001	0.3	0.7
Paclitaxel	2	42	50	129	0.1	0.005	0.05	0.005	2	0.05	0.0005	0.0001	0.3	0.7
Paclitaxel	3	42	50	129	0.1	0.005	0.05	0.005	2	0.05	0.0005	0.0001	0.3	0.7
Paclitaxel	4	42	50	129	0.1	0.005	0.05	0.005	2	0.05	0.0005	0.0001	0.3	0.7
Paclitaxel	5	42	50	129	0.1	0.005	0.05	0.005	2	0.05	0.0005	0.0001	0.3	0.7
Paclitaxel	6	42	50	129	0.1	0.005	0.05	0.005	2	0.05	0.0005	0.0001	0.3	0.7
Paclitaxel	7	42	50	129	0.1	0.005	0.05	0.005	2	0.05	0.0005	0.0001	0.3	0.7
Paclitaxel	8	42	50	129	0.1	0.005	0.05	0.005	2	0.05	0.0005	0.0001	0.3	0.7
Paclitaxel	9	42	50	129	0.1	0.005	0.05	0.005	2	0.05	0.0005	0.0001	0.3	0.7
